time;duration;id;artist;title;hook;cover
2024-10-16 00:04:30;193;30581282;Bruce Springsteen;Hungry heart;no hook;https://onair.swr.de/covers/swr/fallback?stationid=28469
2024-10-16 00:08:12;208;30581289;Lotte & Max Giesinger;Auf das, was da noch kommt;no hook;https://onair.swr.de/covers/swr/fallback?stationid=28469
2024-10-16 00:11:46;180;30581292;The Walker Brothers;The sun ain't gonna shine anymore;no hook;https://onair.swr.de/covers/swr/fallback?stationid=28469
2024-10-16 00:14:39;180;30581295;Foreigner;Waiting for a girl like you;no hook;https://onair.swr.de/covers/swr/fallback?stationid=28469
2024-10-16 00:17:37;173;30581297;Dr. Hook;Sexy eyes;no hook;https://onair.swr.de/covers/swr/fallback?stationid=28469
2024-10-16 00:21:39;213;30581301;Chesney Hawkes;The one and only;no hook;https://onair.swr.de/covers/swr/fallback?stationid=28469
2024-10-16 00:25:13;206;30581305;Gordon Lightfoot;Sundown;no hook;https://onair.swr.de/covers/swr/fallback?stationid=28469
2024-10-16 00:28:03;241;30581309;Eurythmics;Thorn in my side;no hook;https://onair.swr.de/covers/swr/fallback?stationid=28469
2024-10-16 00:32:30;284;30581313;a-ha;Stay on these roads;no hook;https://onair.swr.de/covers/swr/fallback?stationid=28469
2024-10-16 00:37:00;158;30581317;Mamas & The The Papas;California dreamin';no hook;https://onair.swr.de/covers/swr/fallback?stationid=28469
2024-10-16 00:41:12;193;30581321;Echt;Du trägst keine Liebe in dir;no hook;https://onair.swr.de/covers/swr/fallback?stationid=28469
2024-10-16 00:44:31;231;30581324;The Stranglers;Always the sun;no hook;https://onair.swr.de/covers/swr/fallback?stationid=28469
2024-10-16 00:49:28;220;30581327;Billy Joel;My life;no hook;https://onair.swr.de/covers/swr/fallback?stationid=28469
2024-10-16 00:53:05;224;30581331;The Rolling Stones;Angry;no hook;https://onair.swr.de/covers/swr/fallback?stationid=28469
2024-10-16 00:57:21;187;30581340;Carl Douglas;Kung Fu fighting;no hook;https://onair.swr.de/covers/swr/fallback?stationid=28469
2024-10-16 01:04:30;178;30581344;Blondie;Sunday girl;no hook;https://onair.swr.de/covers/swr/fallback?stationid=28469
2024-10-16 01:07:25;188;30581348;Don Williams;Listen to the radio;no hook;https://onair.swr.de/covers/swr/fallback?stationid=28469
2024-10-16 01:10:27;233;30581353;Chyp-Notic;I can't get enough;no hook;https://onair.swr.de/covers/swr/fallback?stationid=28469
2024-10-16 01:14:23;167;30581358;Lotte;Lass die Musik an;no hook;https://onair.swr.de/covers/swr/fallback?stationid=28469
2024-10-16 01:17:04;237;30581363;Rod Stewart;I don't want to talk about it;no hook;https://onair.swr.de/covers/swr/fallback?stationid=28469
2024-10-16 01:22:08;197;30581368;Glenn Frey;The heat is on;no hook;https://onair.swr.de/covers/swr/fallback?stationid=28469
2024-10-16 01:25:22;219;30581373;Mary Hopkin;Those were the days;no hook;https://onair.swr.de/covers/swr/fallback?stationid=28469
2024-10-16 01:29:06;206;30581376;Leo Sayer;More than I can say;no hook;https://onair.swr.de/covers/swr/fallback?stationid=28469
2024-10-16 01:33:48;252;30581379;Joe Cocker;You can leave your hat on;no hook;https://onair.swr.de/covers/swr/fallback?stationid=28469
2024-10-16 01:37:55;177;30581384;The Flames;Everytime;no hook;https://onair.swr.de/covers/swr/fallback?stationid=28469
2024-10-16 01:40:48;200;30581388;Billie Jo Spears;Sing me an old fashioned song;no hook;https://onair.swr.de/covers/swr/fallback?stationid=28469
2024-10-16 01:44:32;209;30581392;Pet Shop Boys;Always on my mind;no hook;https://onair.swr.de/covers/swr/fallback?stationid=28469
2024-10-16 01:49:10;231;30581395;Herbert Grönemeyer;Flugzeuge im Bauch;no hook;https://onair.swr.de/covers/swr/fallback?stationid=28469
2024-10-16 01:52:54;168;30581400;The Bee Gees;Spicks and specks;no hook;https://onair.swr.de/covers/swr/fallback?stationid=28469
2024-10-16 01:55:39;233;30581403;Cock Robin;The promise you made;no hook;https://onair.swr.de/covers/swr/fallback?stationid=28469
2024-10-16 02:04:21;208;30581410;Roy Orbison;You got it;no hook;https://onair.swr.de/covers/swr/fallback?stationid=28469
2024-10-16 02:07:49;182;30581416;Eruption;I can't stand the rain;no hook;https://onair.swr.de/covers/swr/fallback?stationid=28469
2024-10-16 02:12:28;252;30581420;Adele;Hello;no hook;https://onair.swr.de/covers/swr/fallback?stationid=28469
2024-10-16 02:16:34;187;30581425;John Denver;Take me home, country roads;no hook;https://onair.swr.de/covers/swr/fallback?stationid=28469
2024-10-16 02:21:04;216;30581427;Elton John;Sad songs (say so much);no hook;https://onair.swr.de/covers/swr/fallback?stationid=28469
2024-10-16 02:24:34;130;30581431;American Breed;Bend me, shape me;no hook;https://onair.swr.de/covers/swr/fallback?stationid=28469
2024-10-16 02:28:05;239;30581435;Alexa Feser;Glück;no hook;https://onair.swr.de/covers/swr/fallback?stationid=28469
2024-10-16 02:33:33;208;30581442;Exile;Kiss you all over;no hook;https://onair.swr.de/covers/swr/fallback?stationid=28469
2024-10-16 02:36:51;224;30581445;OMD;Sailing on the seven seas;no hook;https://onair.swr.de/covers/swr/fallback?stationid=28469
2024-10-16 02:42:16;224;30581449;Belinda Carlisle;Circle in the sand;no hook;https://onair.swr.de/covers/swr/fallback?stationid=28469
2024-10-16 02:47:34;238;30581452;PUR;Freunde;no hook;https://onair.swr.de/covers/swr/fallback?stationid=28469
2024-10-16 02:51:32;207;30581455;Barry White;Let the music play;no hook;https://onair.swr.de/covers/swr/fallback?stationid=28469
2024-10-16 02:53:42;210;30581459;Max Werner;Rain in May;no hook;https://onair.swr.de/covers/swr/fallback?stationid=28469
2024-10-16 02:56:50;233;30581462;Alan Parsons Project;Don't answer me;no hook;https://onair.swr.de/covers/swr/fallback?stationid=28469
2024-10-16 03:04:07;182;30581467;Sandra;Maria Magdalena;no hook;https://onair.swr.de/covers/swr/fallback?stationid=28469
2024-10-16 03:07:07;221;30581472;Adel Tawil;Ist da jemand;no hook;https://onair.swr.de/covers/swr/fallback?stationid=28469
2024-10-16 03:12:58;152;30581478;Jackie DeShannon;Put a little love in your heart;no hook;https://onair.swr.de/covers/swr/fallback?stationid=28469
2024-10-16 03:15:26;208;30581480;Paul Young;Love of the common people;no hook;https://onair.swr.de/covers/swr/fallback?stationid=28469
2024-10-16 03:15:45;202;30581481;Albert Hammond;The free electric band;no hook;https://onair.swr.de/covers/swr/fallback?stationid=28469
2024-10-16 03:19:54;208;30581487;Paul Young;Love of the common people;no hook;https://onair.swr.de/covers/swr/fallback?stationid=28469
2024-10-16 03:23:17;235;30581490;Rednex;Wish you were here;no hook;https://onair.swr.de/covers/swr/fallback?stationid=28469
2024-10-16 03:28:09;197;30581496;T. Rex;Get it on;no hook;https://onair.swr.de/covers/swr/fallback?stationid=28469
2024-10-16 03:32:47;243;30581497;Black;Wonderful life;no hook;https://onair.swr.de/covers/swr/fallback?stationid=28469
2024-10-16 03:36:48;182;30581503;Creedence Clearwater Revival;Proud Mary;no hook;https://onair.swr.de/covers/swr/fallback?stationid=28469
2024-10-16 03:41:06;210;30581505;Udo Lindenberg;Ich lieb dich überhaupt nicht mehr;no hook;https://onair.swr.de/covers/swr/fallback?stationid=28469
2024-10-16 03:44:30;234;30581508;Supertramp;It's raining again;no hook;https://onair.swr.de/covers/swr/fallback?stationid=28469
2024-10-16 03:49:24;203;30581514;Steve Miller Band;The joker;no hook;https://onair.swr.de/covers/swr/fallback?stationid=28469
2024-10-16 03:51:58;187;30581516;Family Of The Year;Hero;no hook;https://onair.swr.de/covers/swr/fallback?stationid=28469
2024-10-16 03:54:44;206;30581520;Jennifer Rush;Destiny;no hook;https://onair.swr.de/covers/swr/fallback?stationid=28469
2024-10-16 03:57:31;182;30581525;Kansas;Dust in the wind;no hook;https://onair.swr.de/covers/swr/fallback?stationid=28469
2024-10-16 04:04:16;163;30581531;Styx;Boat on the river;no hook;https://onair.swr.de/covers/swr/fallback?stationid=28469
2024-10-16 04:06:57;182;30581534;Eddie Rabbitt;Drivin' my life away;no hook;https://onair.swr.de/covers/swr/fallback?stationid=28469
2024-10-16 04:11:00;222;30581538;Charles & Eddie;Would I lie to you?;no hook;https://onair.swr.de/covers/swr/fallback?stationid=28469
2024-10-16 04:16:27;210;30581543;Mark Forster;Bauch und Kopf;no hook;https://onair.swr.de/covers/swr/fallback?stationid=28469
2024-10-16 04:19:54;237;30581546;Chris Rea;Fool (If you think it's over);no hook;https://onair.swr.de/covers/swr/fallback?stationid=28469
2024-10-16 04:25:01;200;30581552;Freddie Mercury;The great pretender;no hook;https://onair.swr.de/covers/swr/fallback?stationid=28469
2024-10-16 04:28:20;161;30581556;The Hollies;Jennifer Eccles;no hook;https://onair.swr.de/covers/swr/fallback?stationid=28469
2024-10-16 04:31:32;226;30581558;Cyndi Lauper;Time after time;no hook;https://onair.swr.de/covers/swr/fallback?stationid=28469
2024-10-16 04:35:15;174;30581564;Michael Schulte;You let me walk alone;no hook;https://onair.swr.de/covers/swr/fallback?stationid=28469
2024-10-16 04:38:09;225;30581566;Neil Diamond;Shilo;no hook;https://onair.swr.de/covers/swr/fallback?stationid=28469
2024-10-16 04:42:43;194;30581572;Johnny Hates Jazz;Shattered dreams;no hook;https://onair.swr.de/covers/swr/fallback?stationid=28469
2024-10-16 04:45:52;229;30581574;Peter Schilling;Major Tom;no hook;https://onair.swr.de/covers/swr/fallback?stationid=28469
2024-10-16 04:49:40;185;30581579;Cliff Richard;The young ones;no hook;https://onair.swr.de/covers/swr/fallback?stationid=28469
2024-10-16 04:52:41;257;30581583;Bonnie Tyler;Total eclipse of the heart;no hook;https://onair.swr.de/covers/swr/fallback?stationid=28469
2024-10-16 04:56:55;213;30581586;Four Seasons;December, 1963 (Oh, what a night);no hook;https://onair.swr.de/covers/swr/fallback?stationid=28469
2024-10-16 05:04:01;158;30581602;Shakin' Stevens;Shirley;no hook;https://onair.swr.de/covers/swr/fallback?stationid=28469
2024-10-16 05:06:52;214;30581610;The Cats;One way wind;no hook;https://onair.swr.de/covers/swr/fallback?stationid=28469
2024-10-16 05:10:22;203;30581618;Bryan Adams;Shine a light;no hook;https://onair.swr.de/covers/swr/fallback?stationid=28469
2024-10-16 05:14:05;178;30581627;Gilbert O'Sullivan;Clair;no hook;https://onair.swr.de/covers/swr/fallback?stationid=28469
2024-10-16 05:17:00;237;30581635;Roxy Music;Avalon;no hook;https://onair.swr.de/covers/swr/fallback?stationid=28469
2024-10-16 05:21:30;179;30581649;Shocking Blue;Venus;no hook;https://onair.swr.de/covers/swr/fallback?stationid=28469
2024-10-16 05:24:53;175;30581660;Roger Cicero;Für nichts auf dieser Welt;no hook;https://onair.swr.de/covers/swr/fallback?stationid=28469
2024-10-16 05:27:50;227;30581671;Bangles;If she knew what she wants;no hook;https://onair.swr.de/covers/swr/fallback?stationid=28469
2024-10-16 05:32:35;214;30581680;Dire Straits;Lady writer;no hook;https://onair.swr.de/covers/swr/fallback?stationid=28469
2024-10-16 05:36:01;267;30581688;Laid Back;Bakerman;no hook;https://onair.swr.de/covers/swr/fallback?stationid=28469
2024-10-16 05:40:24;213;30581698;Chris DeBurgh;Ship to shore;no hook;https://onair.swr.de/covers/swr/fallback?stationid=28469
2024-10-16 05:44:13;204;30581711;Nena;"Fragezeichen (""?"")";no hook;https://onair.swr.de/covers/swr/fallback?stationid=28469
2024-10-16 05:47:45;152;30581722;Johnny Nash;I can see clearly now;no hook;https://onair.swr.de/covers/swr/fallback?stationid=28469
2024-10-16 05:50:14;252;30581733;Genesis;That's all;no hook;https://onair.swr.de/covers/swr/fallback?stationid=28469
2024-10-16 05:54:40;160;30581748;The Rolling Stones;Paint it black;no hook;https://onair.swr.de/covers/swr/fallback?stationid=28469
2024-10-16 05:57:17;200;30581755;Lionel Richie;Dancing on the ceiling;no hook;https://onair.swr.de/covers/swr/fallback?stationid=28469
2024-10-16 05:56:44;187;30581764;America;The last unicorn;https://hooksswr-a.akamaihd.net/99006/M0039605.019.m.mp3;https://onair.swr.de/covers/swr/swrhfdb1.KONF.6515979?stationid=28469
2024-10-16 06:05:17;129;30581779;Anne Murray;Snowbird;https://hooksswr-a.akamaihd.net/99006/1986384.m.mp3;no cover
2024-10-16 06:07:20;194;30581782;The Nolans;I'm in the mood for dancing '89;https://hooksswr-a.akamaihd.net/99006/2066780.m.mp3;https://onair.swr.de/covers/swr/swrhfdb1.KONF.47584767?stationid=28469
2024-10-16 06:12:11;197;30581806;Relax;Weil i di mog;https://hooksswr-a.akamaihd.net/99006/M0007228.001.m.mp3;https://onair.swr.de/covers/swr/swrhfdb1.KONF.4590015?stationid=28469
2024-10-16 06:13:52;243;30581817;Adriano Celentano;Soli;https://hooksswr-a.akamaihd.net/99006/M0060568.006.m.mp3;https://onair.swr.de/covers/swr/swrhfdb1.KONF.7604455?stationid=28469
2024-10-16 06:18:29;202;30581841;Hammond and West;Give a little love;https://hooksswr-a.akamaihd.net/99006/M0331063.022.m.mp3;https://onair.swr.de/covers/swr/swrhfdb1.KONF.39989373?stationid=28469
2024-10-16 06:21:29;236;30581849;Ingrid Peters;Einmal bleibst du hier;https://hooksswr-a.akamaihd.net/99006/M0367322.001.m.mp3;https://onair.swr.de/covers/swr/swrhfdb1.KONF.43855317?stationid=28469
2024-10-16 06:25:05;197;30581865;Gérard Lenorman;La ballade des gens heureux;https://hooksswr-a.akamaihd.net/99006/M0007694.005.m.mp3;https://onair.swr.de/covers/swr/swrhfdb1.KONF.4571174?stationid=28469
2024-10-16 06:33:56;206;30581903;Earth & Fire;Weekend;https://hooksswr-a.akamaihd.net/99006/M0024571.008.m.mp3;https://onair.swr.de/covers/swr/swrhfdb1.KONF.5392141?stationid=28469
2024-10-16 06:37:15;205;30581905;Wolfgang Petry;Du bist ein Wunder;https://hooksswr-a.akamaihd.net/99006/M0007754.003.m.mp3;https://onair.swr.de/covers/swr/swrhfdb1.KONF.4581400?stationid=28469
2024-10-16 06:42:46;297;30581921;Mary Hopkin;Those were the days;https://hooksswr-a.akamaihd.net/99006/M0041248.001.m.mp3;https://onair.swr.de/covers/swr/swrhfdb1.KONF.6597057?stationid=28469
2024-10-16 06:47:43;215;30581946;Neil Diamond;Forever in Blue Jeans;https://hooksswr-a.akamaihd.net/99006/M0009269.029.m.mp3;https://onair.swr.de/covers/swr/swrhfdb1.KONF.5104947?stationid=28469
2024-10-16 06:51:45;240;30581960;Roland Kaiser;Santa Maria;https://hooksswr-a.akamaihd.net/99006/M0026262.002.m.mp3;https://onair.swr.de/covers/swr/swrhfdb1.KONF.5500214?stationid=28469
2024-10-16 06:54:40;145;30581988;Peggy March;I will follow him;https://hooksswr-a.akamaihd.net/99006/M0344327.010.m.mp3;https://onair.swr.de/covers/swr/swrhfdb1.KONF.41793691?stationid=28469
2024-10-16 07:00:02;231;30582002;Michel Sardou;En chantant;https://hooksswr-a.akamaihd.net/99006/M0583200.013.m.mp3;https://onair.swr.de/covers/swr/swrhfdb1.KONF.46959722?stationid=28469
2024-10-16 07:06:11;205;30582053;Traveling Wilburys;End of the line;https://hooksswr-a.akamaihd.net/99006/M0041070.010.m.mp3;https://onair.swr.de/covers/swr/swrhfdb1.KONF.6587909?stationid=28469
2024-10-16 07:09:33;177;30582056;Udo Jürgens;Tante Emma;https://hooksswr-a.akamaihd.net/99006/M0075858.014.m.mp3;https://onair.swr.de/covers/swr/swrhfdb1.KONF.8400064?stationid=28469
2024-10-16 07:14:57;231;30582071;Elton John;Daniel;https://hooksswr-a.akamaihd.net/99006/M0342517.002.m.mp3;https://onair.swr.de/covers/swr/swrhfdb1.KONF.41631390?stationid=28469
2024-10-16 07:18:58;165;30582111;Elvis Presley;Kiss me quick;https://hooksswr-a.akamaihd.net/99006/M0008791.026.m.mp3;https://onair.swr.de/covers/swr/swrhfdb1.KONF.5001794?stationid=28469
2024-10-16 07:22:22;203;30582174;Sister Sledge;We are family;https://hooksswr-a.akamaihd.net/99006/M0002505.001.m.mp3;https://onair.swr.de/covers/swr/swrhfdb1.KONF.4051751?stationid=28469
2024-10-16 07:25:42;204;30582192;Ireen Sheer;Xanadu;https://hooksswr-a.akamaihd.net/99006/M0030346.009.m.mp3;https://onair.swr.de/covers/swr/swrhfdb1.KONF.5809903?stationid=28469
2024-10-16 07:35:27;247;30582233;ABBA;Super trouper;https://hooksswr-a.akamaihd.net/99006/M0001410.015.m.mp3;https://onair.swr.de/covers/swr/swrhfdb1.KONF.3812499?stationid=28469
2024-10-16 07:39:30;230;30582236;Patrick Swayze;She's like the wind;https://hooksswr-a.akamaihd.net/99006/M0016489.003.m.mp3;https://onair.swr.de/covers/swr/swrhfdb1.KONF.4587914?stationid=28469
2024-10-16 07:46:12;160;30582264;Desmond Dekker;You can get it if you really want;https://hooksswr-a.akamaihd.net/99006/M0020808.007.m.mp3;https://onair.swr.de/covers/swr/swrhfdb1.KONF.5097013?stationid=28469
2024-10-16 07:48:55;224;30582276;Nickerbocker & Biene;Hallo Klaus ( i wü nur zruck );https://hooksswr-a.akamaihd.net/99006/M0023557.013.m.mp3;https://onair.swr.de/covers/swr/swrhfdb1.KONF.6270555?stationid=28469
2024-10-16 07:54:17;185;30582309;Marie Myriam;L'oiseau et l'enfant;https://hooksswr-a.akamaihd.net/99006/M0041260.018.m.mp3;https://onair.swr.de/covers/swr/swrhfdb1.KONF.6597230?stationid=28469
2024-10-16 07:56:45;124;30582313;Sam Cooke;Wonderful world;https://hooksswr-a.akamaihd.net/99006/M0063892.027.m.mp3;https://onair.swr.de/covers/swr/swrhfdb1.KONF.8028996?stationid=28469
2024-10-16 08:00:02;158;30582324;Queen;Crazy little thing called love;https://hooksswr-a.akamaihd.net/99006/M0005718.005.m.mp3;https://onair.swr.de/covers/swr/swrhfdb1.KONF.4505500?stationid=28469
2024-10-16 08:07:05;151;30582356;The Supremes;Where did our love go;https://hooksswr-a.akamaihd.net/99006/M0016506.022.m.mp3;https://onair.swr.de/covers/swr/swrhfdb1.KONF.4588224?stationid=28469
2024-10-16 08:09:30;191;30582359;Hoffmann & Hoffmann;Rücksicht;https://hooksswr-a.akamaihd.net/99006/M0063519.011.m.mp3;no cover
2024-10-16 08:15:25;182;30582390;Neil Young;Heart of gold;https://hooksswr-a.akamaihd.net/99006/2030233.m.mp3;https://onair.swr.de/covers/swr/swrhfdb1.KONF.50182362?stationid=28469
2024-10-16 08:18:30;215;30582404;Rose Laurens;Africa (Voodoo Master);https://hooksswr-a.akamaihd.net/99006/1986388.m.mp3;https://onair.swr.de/covers/swr/swrhfdb1.KONF.5370704?stationid=28469
2024-10-16 08:22:45;245;30582429;The Alan Parsons Project;Don't answer me;https://hooksswr-a.akamaihd.net/99006/M0007204.005.m.mp3;https://onair.swr.de/covers/swr/swrhfdb1.KONF.4589884?stationid=28469
2024-10-16 08:27:00;188;30582431;The New Seekers;Never ending song of love;https://hooksswr-a.akamaihd.net/99006/M0384786.009.m.mp3;https://onair.swr.de/covers/swr/swrhfdb1.KONF.44346708?stationid=28469
2024-10-16 08:35:03;168;30582468;Showaddywaddy;When;https://hooksswr-a.akamaihd.net/99006/M0024571.012.m.mp3;https://onair.swr.de/covers/swr/swrhfdb1.KONF.5392145?stationid=28469
2024-10-16 08:37:48;217;30582473;Cyndi Lauper;Girls just want to have fun;https://hooksswr-a.akamaihd.net/99006/2097615.m.mp3;https://onair.swr.de/covers/swr/swrhfdb1.KONF.4554686?stationid=28469
2024-10-16 08:43:47;235;30582486;The Carpenters;Yesterday once more;https://hooksswr-a.akamaihd.net/99006/M0558716.001.m.mp3;https://onair.swr.de/covers/swr/swrhfdb1.KONF.46588680?stationid=28469
2024-10-16 08:47:40;218;30582514;Spider Murphy Gang;Pfüati Gott, Elisabeth;https://hooksswr-a.akamaihd.net/99006/M0241970.011.m.mp3;https://onair.swr.de/covers/swr/swrhfdb1.KONF.14666444?stationid=28469
2024-10-16 08:52:01;221;30582543;Peter Gabriel;Solsbury Hill;https://hooksswr-a.akamaihd.net/99006/2039310.m.mp3;https://onair.swr.de/covers/swr/swrhfdb1.KONF.3461077?stationid=28469
2024-10-16 08:54:56;170;30582549;Lynn Anderson;Rose garden;https://hooksswr-a.akamaihd.net/99006/M0040536.011.m.mp3;https://onair.swr.de/covers/swr/swrhfdb1.KONF.6557363?stationid=28469
2024-10-16 09:00:02;216;30582558;Alan Sorrenti;Tu sei l'unica donna per me;https://hooksswr-a.akamaihd.net/99006/M0023178.001.m.mp3;https://onair.swr.de/covers/swr/swrhfdb1.KONF.6212934?stationid=28469
2024-10-16 09:07:57;134;30582598;The Crystals;Da Doo Ron Ron;https://hooksswr-a.akamaihd.net/99006/1987266.m.mp3;no cover
2024-10-16 09:10:03;207;30582604;Bonnie Tyler;It's a heartache;https://hooksswr-a.akamaihd.net/99006/M0086277.001.m.mp3;https://onair.swr.de/covers/swr/swrhfdb1.KONF.8945924?stationid=28469
2024-10-16 09:16:57;214;30582638;Max Giesinger;80 Millionen;https://hooksswr-a.akamaihd.net/99006/M0429825.001.m.mp3;https://onair.swr.de/covers/swr/swrhfdb1.KONF.45050416?stationid=28469
2024-10-16 09:20:28;228;30582639;Barbra Streisand;Woman in love;https://hooksswr-a.akamaihd.net/99006/M0007555.002.m.mp3;https://onair.swr.de/covers/swr/swrhfdb1.KONF.4559639?stationid=28469
2024-10-16 09:24:10;244;30582651;Opus;Live is life;https://hooksswr-a.akamaihd.net/99006/M0021377.014.m.mp3;https://onair.swr.de/covers/swr/swrhfdb1.KONF.5997204?stationid=28469
2024-10-16 09:27:22;168;30582672;Mary Roos;Ich hab' den Glauben an dich nie verloren;https://hooksswr-a.akamaihd.net/99006/M0062281.010.m.mp3;https://onair.swr.de/covers/swr/swrhfdb1.KONF.7945901?stationid=28469
2024-10-16 09:34:55;175;30582697;The O'Jays;Love train;https://hooksswr-a.akamaihd.net/99006/M0377617.021.m.mp3;https://onair.swr.de/covers/swr/swrhfdb1.KONF.44115510?stationid=28469
2024-10-16 09:37:43;230;30582702;Pur;Ein graues Haar;https://hooksswr-a.akamaihd.net/99006/M0368521.001.m.mp3;https://onair.swr.de/covers/swr/swrhfdb1.KONF.43915639?stationid=28469
2024-10-16 09:44:17;161;30582731;Jackie Wilson;Reet petite ( The sweetest girl in town );https://hooksswr-a.akamaihd.net/99006/1995984.m.mp3;https://onair.swr.de/covers/swr/swrhfdb1.KONF.50651627?stationid=28469
2024-10-16 09:46:58;241;30582745;Alvin Stardust;I feel like Buddy Holly;https://hooksswr-a.akamaihd.net/99006/M0548176.006.m.mp3;https://onair.swr.de/covers/swr/swrhfdb1.KONF.46275922?stationid=28469
2024-10-16 09:50:59;218;30582758;Andrea Berg;Du kannst noch nicht mal richtig lügen;https://hooksswr-a.akamaihd.net/99006/M0260504.001.m.mp3;https://onair.swr.de/covers/swr/swrhfdb1.KONF.18315642?stationid=28469
2024-10-16 09:54:36;205;30582774;Rubettes;Sugar baby love;https://hooksswr-a.akamaihd.net/99006/M0074450.017.m.mp3;https://onair.swr.de/covers/swr/swrhfdb1.KONF.9868635?stationid=28469
2024-10-16 10:00:02;195;30582795;Albert Hammond;I'm a train;https://hooksswr-a.akamaihd.net/99006/M0004336.013.m.mp3;https://onair.swr.de/covers/swr/swrhfdb1.KONF.4306149?stationid=28469
2024-10-16 10:06:14;149;30582823;Pat Boone;Memphis Tennessee;https://hooksswr-a.akamaihd.net/99006/M0016510.002.m.mp3;https://onair.swr.de/covers/swr/swrhfdb1.KONF.4588250?stationid=28469
2024-10-16 10:08:33;188;30582825;Münchener Freiheit;Herzschlag ist der Takt;https://hooksswr-a.akamaihd.net/99006/M0250941.003.m.mp3;https://onair.swr.de/covers/swr/swrhfdb1.KONF.15275089?stationid=28469
2024-10-16 10:11:34;173;30582831;Lynsey de Paul & Mike Moran;Rock bottom;https://hooksswr-a.akamaihd.net/99006/M0039906.005.m.mp3;https://onair.swr.de/covers/swr/swrhfdb1.KONF.6527421?stationid=28469
2024-10-16 10:17:42;154;30582864;Joe Dassin;Les Champs-Elysees;https://hooksswr-a.akamaihd.net/99006/M0573821.003.m.mp3;https://onair.swr.de/covers/swr/swrhfdb1.KONF.46832150?stationid=28469
2024-10-16 10:19:50;168;30582870;Glen Campbell;Sunflower;https://hooksswr-a.akamaihd.net/99006/1724001.m.mp3;no cover
2024-10-16 10:23:22;207;30582881;Bernd Clüver;Mexican Girl;https://hooksswr-a.akamaihd.net/99006/M0007745.002.m.mp3;https://onair.swr.de/covers/swr/swrhfdb1.KONF.4581176?stationid=28469
2024-10-16 10:26:43;215;30582885;Robin Gibb;Juliet;https://hooksswr-a.akamaihd.net/99006/1987038.m.mp3;https://onair.swr.de/covers/swr/swrhfdb1.KONF.49806672?stationid=28469
2024-10-16 10:36:03;153;30582919;Boney M.;Gotta go home;https://hooksswr-a.akamaihd.net/99006/M0060260.017.m.mp3;https://onair.swr.de/covers/swr/swrhfdb1.KONF.7559206?stationid=28469
2024-10-16 10:38:34;230;30582921;Culture Club;Karma chameleon;https://hooksswr-a.akamaihd.net/99006/2105851.m.mp3;https://onair.swr.de/covers/swr/swrhfdb1.KONF.4051322?stationid=28469
2024-10-16 10:42:20;209;30582941;LaBionda;One for you, one for me;https://hooksswr-a.akamaihd.net/99006/M0345209.027.m.mp3;https://onair.swr.de/covers/swr/swrhfdb1.KONF.41894921?stationid=28469
2024-10-16 10:47:58;134;30582957;The Beatles;I feel fine;https://hooksswr-a.akamaihd.net/99006/2028948.m.mp3;https://onair.swr.de/covers/swr/swrhfdb1.KONF.5058539?stationid=28469
2024-10-16 10:50:09;205;30582964;Herbert Grönemeyer;Musik nur, wenn sie laut ist;https://hooksswr-a.akamaihd.net/99006/M0006152.001.m.mp3;https://onair.swr.de/covers/swr/swrhfdb1.KONF.4598780?stationid=28469
2024-10-16 10:53:28;345;30582971;Dire Straits;Sultans of Swing;no hook;https://onair.swr.de/covers/swr/swrhfdb1.KONF.3444231?stationid=28469
2024-10-16 11:06:43;177;30583004;The Flames;Everytime;https://hooksswr-a.akamaihd.net/99006/M0417112.019.m.mp3;https://onair.swr.de/covers/swr/swrhfdb1.KONF.44918656?stationid=28469
2024-10-16 11:09:38;168;30583006;Udo Lindenberg;Sonderzug nach Pankow;https://hooksswr-a.akamaihd.net/99006/M0023557.008.m.mp3;https://onair.swr.de/covers/swr/swrhfdb1.KONF.6270550?stationid=28469
2024-10-16 11:12:23;257;30583015;Kenny Rogers;Coward of the county;https://hooksswr-a.akamaihd.net/99006/M0040265.004.m.mp3;https://onair.swr.de/covers/swr/swrhfdb1.KONF.6547040?stationid=28469
2024-10-16 11:19:07;196;30583045;Tony Carey;Room with a view;https://hooksswr-a.akamaihd.net/99006/M0024560.005.m.mp3;https://onair.swr.de/covers/swr/swrhfdb1.KONF.5391798?stationid=28469
2024-10-16 11:22:15;165;30583054;The Archies;Sugar, sugar;https://hooksswr-a.akamaihd.net/99006/M0012871.013.m.mp3;https://onair.swr.de/covers/swr/swrhfdb1.KONF.5178772?stationid=28469
2024-10-16 11:24:56;315;30583060;Trude Herr, Tommy Engel und Wolfgang Niedecken;Niemals geht man so ganz;https://hooksswr-a.akamaihd.net/99006/M0065867.011.m.mp3;no cover
2024-10-16 11:35:08;141;30583091;Manfred Mann;Do wah diddy diddy;https://hooksswr-a.akamaihd.net/99006/M0009954.003.m.mp3;https://onair.swr.de/covers/swr/swrhfdb1.KONF.4980676?stationid=28469
2024-10-16 11:37:28;253;30583094;Eros Ramazzotti;Quanto amore sei;https://hooksswr-a.akamaihd.net/99006/M0001812.001.m.mp3;https://onair.swr.de/covers/swr/swrhfdb1.KONF.3984072?stationid=28469
2024-10-16 11:41:41;236;30583102;Andreas Bourani;Auf uns;https://hooksswr-a.akamaihd.net/99006/M0355962.001.m.mp3;https://onair.swr.de/covers/swr/swrhfdb1.KONF.43074638?stationid=28469
2024-10-16 11:47:45;280;30583138;The Bee Gees;Stayin' alive;https://hooksswr-a.akamaihd.net/99006/M0024976.001.m.mp3;https://onair.swr.de/covers/swr/swrhfdb1.KONF.5486967?stationid=28469
2024-10-16 11:54:40;250;30583141;Julio Iglesias;Un canto a Galicia;https://hooksswr-a.akamaihd.net/99006/1992041.m.mp3;https://onair.swr.de/covers/swr/swrhfdb1.KONF.4560247?stationid=28469
2024-10-16 11:52:18;147;30583154;Roger Miller;King of the road;https://hooksswr-a.akamaihd.net/99006/M0043135.009.m.mp3;https://onair.swr.de/covers/swr/swrhfdb1.KONF.9881135?stationid=28469
2024-10-16 12:07:37;151;30583190;Herman's Hermits;I'm into something good;https://hooksswr-a.akamaihd.net/99006/1727780.m.mp3;https://onair.swr.de/covers/swr/swrhfdb1.KONF.47679357?stationid=28469
2024-10-16 12:10:00;195;30583192;Sheena Easton;Morning train (9 to 5);https://hooksswr-a.akamaihd.net/99006/M0018389.001.m.mp3;https://onair.swr.de/covers/swr/swrhfdb1.KONF.4861701?stationid=28469
2024-10-16 12:13:01;230;30583206;Howard Carpendale;Fremde oder Freunde;https://hooksswr-a.akamaihd.net/99006/M0024543.029.m.mp3;https://onair.swr.de/covers/swr/swrhfdb1.KONF.5391427?stationid=28469
2024-10-16 12:19:11;262;30583228;Gerry Rafferty;Baker Street;https://hooksswr-a.akamaihd.net/99006/M0020661.013.m.mp3;https://onair.swr.de/covers/swr/swrhfdb1.KONF.5087423?stationid=28469
2024-10-16 12:19:35;238;30583240;Lionel Richie;Say you, say me;https://hooksswr-a.akamaihd.net/99006/M0358707.032.m.mp3;https://onair.swr.de/covers/swr/swrhfdb1.KONF.43334381?stationid=28469
2024-10-16 12:23:31;209;30583250;Truck Stop;Ich möcht' so gern Dave Dudley hörn'n;https://hooksswr-a.akamaihd.net/99006/M0107532.033.m.mp3;no cover
2024-10-16 12:27:43;135;30583266;Chubby Checker;Let's twist again;https://hooksswr-a.akamaihd.net/99006/M0589232.001.m.mp3;https://onair.swr.de/covers/swr/swrhfdb1.KONF.47066789?stationid=28469
2024-10-16 12:34:35;181;30583285;The Sweet;Poppa Joe;https://hooksswr-a.akamaihd.net/99006/2014796.m.mp3;https://onair.swr.de/covers/swr/swrhfdb1.KONF.4514690?stationid=28469
2024-10-16 12:37:24;198;30583287;Klaus Lage;1000 und 1 Nacht (Zoom!);https://hooksswr-a.akamaihd.net/99006/M0025618.001.m.mp3;https://onair.swr.de/covers/swr/swrhfdb1.KONF.6363607?stationid=28469
2024-10-16 12:40:34;162;30583296;Harry Nilsson;Everybody's talkin';https://hooksswr-a.akamaihd.net/99006/M0585662.003.m.mp3;https://onair.swr.de/covers/swr/swrhfdb1.KONF.46994949?stationid=28469
2024-10-16 12:46:55;172;30583306;Ocean;Put your hand in the hand;https://hooksswr-a.akamaihd.net/99006/M0419130.021.m.mp3;https://onair.swr.de/covers/swr/swrhfdb1.KONF.44938688?stationid=28469
2024-10-16 12:43:17;218;30583313;Village People;In the navy;https://hooksswr-a.akamaihd.net/99006/2032660.m.mp3;https://onair.swr.de/covers/swr/swrhfdb1.KONF.3481762?stationid=28469
2024-10-16 12:52:02;176;30583336;Roger Cicero;Frauen regier'n die Welt;https://hooksswr-a.akamaihd.net/99006/M0062081.001.m.mp3;https://onair.swr.de/covers/swr/swrhfdb1.KONF.7930275?stationid=28469
2024-10-16 13:07:39;165;30583401;Bobby Bare;Detroit City;https://hooksswr-a.akamaihd.net/99006/M0020347.003.m.mp3;https://onair.swr.de/covers/swr/swrhfdb1.KONF.4946941?stationid=28469
2024-10-16 13:10:17;227;30583403;Unheilig;Geboren um zu Leben;https://hooksswr-a.akamaihd.net/99006/M0250177.004.m.mp3;https://onair.swr.de/covers/swr/swrhfdb1.KONF.15176956?stationid=28469
2024-10-16 13:13:57;164;30583421;Cliff Richard;Goodbye Sam, hello Samantha;https://hooksswr-a.akamaihd.net/99006/M0024572.018.m.mp3;https://onair.swr.de/covers/swr/swrhfdb1.KONF.5392169?stationid=28469
2024-10-16 13:19:33;155;30583445;Paul Anka;Lonely boy;https://hooksswr-a.akamaihd.net/99006/1988426.m.mp3;no cover
2024-10-16 13:19:39;189;30583449;Billy Joel;Uptown girl;https://hooksswr-a.akamaihd.net/99006/2005819.m.mp3;https://onair.swr.de/covers/swr/swrhfdb1.KONF.3460702?stationid=28469
2024-10-16 13:22:44;197;30583458;Vicky Leandros;Verlorenes Paradies;https://hooksswr-a.akamaihd.net/99006/M0043491.007.m.mp3;https://onair.swr.de/covers/swr/swrhfdb1.KONF.9918323?stationid=28469
2024-10-16 13:26:05;278;30583468;Elton John;Rocket man;https://hooksswr-a.akamaihd.net/99006/2039449.m.mp3;https://onair.swr.de/covers/swr/swrhfdb1.KONF.3460841?stationid=28469
2024-10-16 13:35:28;170;30583504;Lobo;Me and you and a dog named Boo;https://hooksswr-a.akamaihd.net/99006/M0039931.002.m.mp3;https://onair.swr.de/covers/swr/swrhfdb1.KONF.6533651?stationid=28469
2024-10-16 13:38:12;245;30583506;Gazebo;I like Chopin;https://hooksswr-a.akamaihd.net/99006/M0024559.035.m.mp3;https://onair.swr.de/covers/swr/swrhfdb1.KONF.5391790?stationid=28469
2024-10-16 13:42:17;143;30583520;Perry Como;I love you (don't you forget it);https://hooksswr-a.akamaihd.net/99006/M0008058.013.m.mp3;https://onair.swr.de/covers/swr/swrhfdb1.KONF.4649118?stationid=28469
2024-10-16 13:47:40;190;30583561;Wolfgang Petry;Bronze, Silber und Gold;https://hooksswr-a.akamaihd.net/99006/M0007754.011.m.mp3;https://onair.swr.de/covers/swr/swrhfdb1.KONF.4581408?stationid=28469
2024-10-16 13:50:48;183;30583563;Bangles;Manic Monday;https://hooksswr-a.akamaihd.net/99006/2126009.m.mp3;https://onair.swr.de/covers/swr/swrhfdb1.KONF.4051859?stationid=28469
2024-10-16 13:50:31;292;30583570;Exile;Kiss you all over;https://hooksswr-a.akamaihd.net/99006/1985341.m.mp3;https://onair.swr.de/covers/swr/swrhfdb1.KONF.6541710?stationid=28469
2024-10-16 13:54:42;281;30583579;John Denver;Rocky mountain high;https://hooksswr-a.akamaihd.net/99006/M0089117.001.m.mp3;https://onair.swr.de/covers/swr/swrhfdb1.KONF.9046706?stationid=28469
2024-10-16 14:07:33;177;30583619;Middle Of The Road;Chirpy chirpy cheep cheep;https://hooksswr-a.akamaihd.net/99006/M0009416.008.m.mp3;https://onair.swr.de/covers/swr/swrhfdb1.KONF.5130424?stationid=28469
2024-10-16 14:10:26;230;30583624;Heinz Rudolf Kunze;Meine eigenen Wege;https://hooksswr-a.akamaihd.net/99006/1806712.m.mp3;no cover
2024-10-16 14:14:14;175;30583638;The Carpenters;There's a kind of hush;https://hooksswr-a.akamaihd.net/99006/M0244567.001.m.mp3;https://onair.swr.de/covers/swr/swrhfdb1.KONF.14799286?stationid=28469
2024-10-16 14:17:09;211;30583649;F. R. David;Words;https://hooksswr-a.akamaihd.net/99006/M0351873.031.m.mp3;https://onair.swr.de/covers/swr/swrhfdb1.KONF.42592631?stationid=28469
2024-10-16 14:23:28;143;30583669;Ritchie Valens;Donna;https://hooksswr-a.akamaihd.net/99006/M0249224.007.m.mp3;https://onair.swr.de/covers/swr/swrhfdb1.KONF.15115611?stationid=28469
2024-10-16 14:25:44;219;30583679;Udo Jürgens;Gaby wartet im Park;https://hooksswr-a.akamaihd.net/99006/M0006883.007.m.mp3;https://onair.swr.de/covers/swr/swrhfdb1.KONF.4521499?stationid=28469
2024-10-16 14:35:14;173;30583708;ABBA;Honey honey;https://hooksswr-a.akamaihd.net/99006/M0001402.008.m.mp3;https://onair.swr.de/covers/swr/swrhfdb1.KONF.3812407?stationid=28469
2024-10-16 14:38:04;182;30583713;Johnny Logan;Hold me now;https://hooksswr-a.akamaihd.net/99006/M0051203.013.m.mp3;https://onair.swr.de/covers/swr/swrhfdb1.KONF.7444977?stationid=28469
2024-10-16 14:41:05;220;30583727;Bernie Paul;Lucky;no hook;https://onair.swr.de/covers/swr/fallback?stationid=28469
2024-10-16 14:46:24;274;30583771;Herbert Grönemeyer;Was soll das;https://hooksswr-a.akamaihd.net/99006/M0002310.001.m.mp3;https://onair.swr.de/covers/swr/swrhfdb1.KONF.6815936?stationid=28469
2024-10-16 14:51:45;184;30583782;Frankie Miller;Darlin';https://hooksswr-a.akamaihd.net/99006/M0040911.028.m.mp3;https://onair.swr.de/covers/swr/swrhfdb1.KONF.6575564?stationid=28469
2024-10-16 14:54:45;297;30583800;Eagles;New kid in town;https://hooksswr-a.akamaihd.net/99006/2086442.m.mp3;https://onair.swr.de/covers/swr/swrhfdb1.KONF.5794291?stationid=28469
2024-10-16 15:00:00;155;30583816;Sam Cooke;Another Saturday night;https://hooksswr-a.akamaihd.net/99006/M0043853.024.m.mp3;https://onair.swr.de/covers/swr/swrhfdb1.KONF.6976881?stationid=28469
2024-10-16 15:07:04;147;30583845;Bobby Darin;Dream lover;https://hooksswr-a.akamaihd.net/99006/M0008077.001.m.mp3;https://onair.swr.de/covers/swr/swrhfdb1.KONF.4649554?stationid=28469
2024-10-16 15:09:29;217;30583847;Cat Stevens;Father and son;https://hooksswr-a.akamaihd.net/99006/M0009455.011.m.mp3;https://onair.swr.de/covers/swr/swrhfdb1.KONF.4680350?stationid=28469
2024-10-16 15:13:05;245;30583855;Roland Kaiser;Joana;https://hooksswr-a.akamaihd.net/99006/M0520168.007.m.mp3;https://onair.swr.de/covers/swr/swrhfdb1.KONF.46120586?stationid=28469
2024-10-16 15:19:56;216;30583891;Gilbert O'Sullivan;Alone again (naturally);https://hooksswr-a.akamaihd.net/99006/M0385043.001.m.mp3;https://onair.swr.de/covers/swr/swrhfdb1.KONF.44351155?stationid=28469
2024-10-16 15:23:30;242;30583896;Shania Twain;Forever and for always;https://hooksswr-a.akamaihd.net/99006/M0006155.001.m.mp3;https://onair.swr.de/covers/swr/swrhfdb1.KONF.4598836?stationid=28469
2024-10-16 15:27:53;218;30583907;Nicki;Koana war so wie du;https://hooksswr-a.akamaihd.net/99006/M0060085.008.m.mp3;https://onair.swr.de/covers/swr/swrhfdb1.KONF.7542829?stationid=28469
2024-10-16 15:35:57;183;30583930;Shocking Blue;Venus;https://hooksswr-a.akamaihd.net/99006/M0100167.002.m.mp3;https://onair.swr.de/covers/swr/swrhfdb1.KONF.9272922?stationid=28469
2024-10-16 15:38:56;212;30583932;Münchener Freiheit;Tausendmal du;https://hooksswr-a.akamaihd.net/99006/M0058296.008.m.mp3;https://onair.swr.de/covers/swr/swrhfdb1.KONF.7639061?stationid=28469
2024-10-16 15:42:25;138;30583943;Gerry and The Pacemakers;Ferry 'cross the Mersey;https://hooksswr-a.akamaihd.net/99006/M0023715.052.m.mp3;https://onair.swr.de/covers/swr/swrhfdb1.KONF.6281114?stationid=28469
2024-10-16 15:47:45;163;30583968;Shakin' Stevens;Marie, Marie;https://hooksswr-a.akamaihd.net/99006/M0002524.009.m.mp3;https://onair.swr.de/covers/swr/swrhfdb1.KONF.4052020?stationid=28469
2024-10-16 15:49:46;267;30583979;The Animals;House of the rising sun;https://hooksswr-a.akamaihd.net/99006/2026651.m.mp3;https://onair.swr.de/covers/swr/swrhfdb1.KONF.5001714?stationid=28469
2024-10-16 15:54:02;158;30583990;Drafi Deutscher;Marmor, Stein und Eisen bricht;https://hooksswr-a.akamaihd.net/99006/M0061907.012.m.mp3;https://onair.swr.de/covers/swr/swrhfdb1.KONF.7877163?stationid=28469
2024-10-16 15:56:36;198;30584001;The Fortunes;Freedom come, freedom go;https://hooksswr-a.akamaihd.net/99006/1995232.m.mp3;https://onair.swr.de/covers/swr/swrhfdb1.KONF.5003113?stationid=28469
2024-10-16 16:00:02;172;30584012;Tommy Roe;Dizzy;https://hooksswr-a.akamaihd.net/99006/2068478.m.mp3;https://onair.swr.de/covers/swr/swrhfdb1.KONF.4587980?stationid=28469
2024-10-16 16:07:00;137;30584039;The Lovin' Spoonful;Daydream;https://hooksswr-a.akamaihd.net/99006/2028559.m.mp3;https://onair.swr.de/covers/swr/swrhfdb1.KONF.5042470?stationid=28469
2024-10-16 16:09:15;254;30584041;Marianne Rosenberg;Marleen;https://hooksswr-a.akamaihd.net/99006/M0007567.005.m.mp3;https://onair.swr.de/covers/swr/swrhfdb1.KONF.4559817?stationid=28469
2024-10-16 16:13:30;195;30584048;Neil Diamond;Song sung blue;https://hooksswr-a.akamaihd.net/99006/1989764.m.mp3;https://onair.swr.de/covers/swr/swrhfdb1.KONF.47821870?stationid=28469
2024-10-16 16:18:31;211;30584085;Tina Rainford;Silverbird;https://hooksswr-a.akamaihd.net/99006/M0063511.011.m.mp3;https://onair.swr.de/covers/swr/swrhfdb1.KONF.7989106?stationid=28469
2024-10-16 16:25:29;184;30584089;Dawn;Candida;https://hooksswr-a.akamaihd.net/99006/M0008810.001.m.mp3;https://onair.swr.de/covers/swr/swrhfdb1.KONF.5017173?stationid=28469
2024-10-16 16:21:57;214;30584104;Fleetwood Mac;Little lies;https://hooksswr-a.akamaihd.net/99006/M0003884.004.m.mp3;https://onair.swr.de/covers/swr/swrhfdb1.KONF.4276620?stationid=28469
2024-10-16 16:26:47;194;30584120;Daliah Lavi;Oh, wann kommst du?;https://hooksswr-a.akamaihd.net/99006/M0006858.001.m.mp3;https://onair.swr.de/covers/swr/swrhfdb1.KONF.4521010?stationid=28469
2024-10-16 16:35:14;165;30584142;The Sweet;Funny funny;https://hooksswr-a.akamaihd.net/99006/M0041130.002.m.mp3;https://onair.swr.de/covers/swr/swrhfdb1.KONF.6591735?stationid=28469
2024-10-16 16:37:48;191;30584144;Al Bano & Romina Power;Felicità;https://hooksswr-a.akamaihd.net/99006/M0267823.016.m.mp3;https://onair.swr.de/covers/swr/swrhfdb1.KONF.20778272?stationid=28469
2024-10-16 16:40:58;186;30584154;Smokie;San Francisco Bay;https://hooksswr-a.akamaihd.net/99006/M0040253.005.m.mp3;https://onair.swr.de/covers/swr/swrhfdb1.KONF.6546861?stationid=28469
2024-10-16 16:44:04;251;30584168;Rainhard Fendrich;Macho Macho;https://hooksswr-a.akamaihd.net/99006/M0084180.002.m.mp3;https://onair.swr.de/covers/swr/swrhfdb1.KONF.9024347?stationid=28469
2024-10-16 16:50:50;214;30584189;John Travolta & Olivia Newton-John;Summer nights;https://hooksswr-a.akamaihd.net/99006/M0098286.001.m.mp3;https://onair.swr.de/covers/swr/swrhfdb1.KONF.9265063?stationid=28469
2024-10-16 16:56:31;250;30584200;Ray Charles;I can't stop loving you;https://hooksswr-a.akamaihd.net/99006/M0008946.032.m.mp3;https://onair.swr.de/covers/swr/swrhfdb1.KONF.5042476?stationid=28469
2024-10-16 17:00:00;191;30584209;Mary Roos;Ich bin Mary (und nicht Jane);https://hooksswr-a.akamaihd.net/99006/M0121775.001.m.mp3;https://onair.swr.de/covers/swr/swrhfdb1.KONF.9588413?stationid=28469
2024-10-16 16:54:17;193;30584223;Tight Fit;The lion sleeps tonight (Wimoweh);https://hooksswr-a.akamaihd.net/99006/M0005960.013.m.mp3;https://onair.swr.de/covers/swr/swrhfdb1.KONF.4554697?stationid=28469
2024-10-16 17:07:22;143;30584256;Elvis Presley;Jailhouse Rock;https://hooksswr-a.akamaihd.net/99006/2130696.m.mp3;https://onair.swr.de/covers/swr/swrhfdb1.KONF.5001778?stationid=28469
2024-10-16 17:09:43;257;30584260;Peter Cornelius;Reif für die Insel;https://hooksswr-a.akamaihd.net/99006/M0308078.001.m.mp3;https://onair.swr.de/covers/swr/swrhfdb1.KONF.32081450?stationid=28469
2024-10-16 17:14:02;206;30584266;George Baker Selection;Paloma blanca;https://hooksswr-a.akamaihd.net/99006/2012999.m.mp3;no cover
2024-10-16 17:17:32;260;30584290;Stevie Wonder;I just called to say I love you;https://hooksswr-a.akamaihd.net/99006/M0020356.002.m.mp3;https://onair.swr.de/covers/swr/swrhfdb1.KONF.4961119?stationid=28469
2024-10-16 17:24:28;147;30584317;Don Gibson;Oh, lonesome me;https://hooksswr-a.akamaihd.net/99006/M0025981.013.m.mp3;https://onair.swr.de/covers/swr/swrhfdb1.KONF.6404193?stationid=28469
2024-10-16 17:27:11;179;30584331;Spider Murphy Gang;Ich schau' dich an (Peep, peep);https://hooksswr-a.akamaihd.net/99006/M0024330.010.m.mp3;https://onair.swr.de/covers/swr/swrhfdb1.KONF.5350608?stationid=28469
2024-10-16 17:35:14;169;30584362;Shakin' Stevens & Bonnie Tyler;A rockin' good way (to mess around and fall in love);https://hooksswr-a.akamaihd.net/99006/M0002524.008.m.mp3;https://onair.swr.de/covers/swr/swrhfdb1.KONF.4052019?stationid=28469
2024-10-16 17:37:59;288;30584366;Foreigner;I want to know what love is;https://hooksswr-a.akamaihd.net/99006/2056618.m.mp3;https://onair.swr.de/covers/swr/swrhfdb1.KONF.45651148?stationid=28469
2024-10-16 17:42:49;209;30584388;Roy Orbison;You got it;https://hooksswr-a.akamaihd.net/99006/1984579.m.mp3;no cover
2024-10-16 17:47:26;218;30584399;Hoffmann & Hoffmann;Himbeereis zum Frühstück;https://hooksswr-a.akamaihd.net/99006/M0024543.026.m.mp3;https://onair.swr.de/covers/swr/swrhfdb1.KONF.5391424?stationid=28469
2024-10-16 17:49:36;173;30584405;David Dundas;Another funny honeymoon;https://hooksswr-a.akamaihd.net/99006/M0583212.011.m.mp3;https://onair.swr.de/covers/swr/swrhfdb1.KONF.46959903?stationid=28469
2024-10-16 17:52:31;155;30584414;The Drifters;Up on the roof;https://hooksswr-a.akamaihd.net/99006/M0514785.008.m.mp3;https://onair.swr.de/covers/swr/swrhfdb1.KONF.46038744?stationid=28469
2024-10-16 17:52:29;186;30584416;Herrey's;Diggi Loo / Diggi Ley;https://hooksswr-a.akamaihd.net/99006/M0041260.023.m.mp3;https://onair.swr.de/covers/swr/swrhfdb1.KONF.6597235?stationid=28469
2024-10-16 17:55:33;184;30584422;Middle Of The Road;Bottoms up;https://hooksswr-a.akamaihd.net/99006/1992057.m.mp3;no cover
2024-10-16 18:00:10;167;30584435;Katja Ebstein;Theater;https://hooksswr-a.akamaihd.net/99006/M0008920.004.m.mp3;https://onair.swr.de/covers/swr/swrhfdb1.KONF.5042061?stationid=28469
2024-10-16 18:07:23;146;30584459;The Searchers;Sweets for my sweet;https://hooksswr-a.akamaihd.net/99006/M0016506.011.m.mp3;https://onair.swr.de/covers/swr/swrhfdb1.KONF.4588213?stationid=28469
2024-10-16 18:09:47;188;30584461;John Denver;Take me home country roads;https://hooksswr-a.akamaihd.net/99006/M0007693.020.m.mp3;https://onair.swr.de/covers/swr/swrhfdb1.KONF.4571168?stationid=28469
2024-10-16 18:12:59;231;30584471;Haindling;Lang scho nimma g'sehn;https://hooksswr-a.akamaihd.net/99006/M0023782.017.m.mp3;https://onair.swr.de/covers/swr/swrhfdb1.KONF.6293479?stationid=28469
2024-10-16 18:19:28;239;30584505;Peter Kent;It's a real good feeling;https://hooksswr-a.akamaihd.net/99006/M0097641.001.m.mp3;https://onair.swr.de/covers/swr/swrhfdb1.KONF.9262594?stationid=28469
2024-10-16 18:23:22;207;30584507;Fiction Factory;Feels like heaven;https://hooksswr-a.akamaihd.net/99006/M0023749.027.m.mp3;https://onair.swr.de/covers/swr/swrhfdb1.KONF.6287769?stationid=28469
2024-10-16 18:26:52;187;30584515;Cliff Richard;The young ones;https://hooksswr-a.akamaihd.net/99006/2018479.m.mp3;https://onair.swr.de/covers/swr/swrhfdb1.KONF.6270631?stationid=28469
2024-10-16 18:31:47;169;30584537;Oliver Onions;Flying through the air;https://hooksswr-a.akamaihd.net/99006/M0039930.003.m.mp3;https://onair.swr.de/covers/swr/swrhfdb1.KONF.6533613?stationid=28469
2024-10-16 18:34:10;212;30584539;Ich + Ich;Vom selben Stern;https://hooksswr-a.akamaihd.net/99006/M0097991.001.m.mp3;https://onair.swr.de/covers/swr/swrhfdb1.KONF.9250837?stationid=28469
2024-10-16 18:37:45;151;30584551;Chris Andrews;Yesterday man;https://hooksswr-a.akamaihd.net/99006/M0016521.024.m.mp3;https://onair.swr.de/covers/swr/swrhfdb1.KONF.4588446?stationid=28469
2024-10-16 18:41:56;198;30584561;Billy Joel;She's always a woman;https://hooksswr-a.akamaihd.net/99006/M0063358.007.m.mp3;https://onair.swr.de/covers/swr/swrhfdb1.KONF.7969994?stationid=28469
2024-10-16 18:45:09;176;30584573;The Beatles;The ballad of John & Yoko;https://hooksswr-a.akamaihd.net/99006/M0008995.020.m.mp3;https://onair.swr.de/covers/swr/swrhfdb1.KONF.5058519?stationid=28469
2024-10-16 18:49:18;233;30584610;Toto Cutugno;Innamorati;https://hooksswr-a.akamaihd.net/99006/M0085702.008.m.mp3;https://onair.swr.de/covers/swr/swrhfdb1.KONF.8856936?stationid=28469
2024-10-16 18:53:07;267;30584614;Juliane Werding;Sehnsucht ist unheilbar;https://hooksswr-a.akamaihd.net/99006/M0494256.012.m.mp3;https://onair.swr.de/covers/swr/swrhfdb1.KONF.45769146?stationid=28469
2024-10-16 19:06:40;191;30584668;Leif Garrett;I was made for dancin';no hook;https://onair.swr.de/covers/swr/fallback?stationid=28469
2024-10-16 19:09:46;238;30584670;Valerie's Garten;Nächstes Mal am Ende der Welt;https://hooksswr-a.akamaihd.net/99006/M0553208.001.m.mp3;https://onair.swr.de/covers/swr/swrhfdb1.KONF.46486025?stationid=28469
2024-10-16 19:13:48;173;30584682;Dionne Warwick;Do you know the way to San José;https://hooksswr-a.akamaihd.net/99006/M0075889.003.m.mp3;https://onair.swr.de/covers/swr/swrhfdb1.KONF.8410631?stationid=28469
2024-10-16 19:18:37;150;30584705;Gilbert O'Sullivan;What's in a kiss;https://hooksswr-a.akamaihd.net/99006/M0008946.030.m.mp3;https://onair.swr.de/covers/swr/swrhfdb1.KONF.5042474?stationid=28469
2024-10-16 19:21:05;282;30584717;Peter Sarstedt;Where do you go to (My lovely);https://hooksswr-a.akamaihd.net/99006/M0445616.001.m.mp3;https://onair.swr.de/covers/swr/swrhfdb1.KONF.45211582?stationid=28469
2024-10-16 19:28:27;242;30584740;The Hollies;The air that I breathe;https://hooksswr-a.akamaihd.net/99006/M0235777.010.m.mp3;https://onair.swr.de/covers/swr/swrhfdb1.KONF.14395413?stationid=28469
2024-10-16 19:33:28;203;30584763;Jason Donovan;Too many broken hearts;https://hooksswr-a.akamaihd.net/99006/M0002285.001.m.mp3;https://onair.swr.de/covers/swr/swrhfdb1.KONF.6787634?stationid=28469
2024-10-16 19:36:46;193;30584765;Carl Douglas;Kung Fu fighting;https://hooksswr-a.akamaihd.net/99006/M0023742.002.m.mp3;https://onair.swr.de/covers/swr/swrhfdb1.KONF.6287573?stationid=28469
2024-10-16 19:39:54;245;30584776;Cora;Amsterdam (Liebe hat total versagt);https://hooksswr-a.akamaihd.net/99006/M0063520.009.m.mp3;https://onair.swr.de/covers/swr/swrhfdb1.KONF.7989270?stationid=28469
2024-10-16 19:45:01;218;30584787;Santabarbara;Charly;https://hooksswr-a.akamaihd.net/99006/M0005479.022.m.mp3;https://onair.swr.de/covers/swr/swrhfdb1.KONF.4489071?stationid=28469
2024-10-16 19:48:37;179;30584810;Eric Clapton;Promises;https://hooksswr-a.akamaihd.net/99006/1986129.m.mp3;https://onair.swr.de/covers/swr/swrhfdb1.KONF.6928186?stationid=28469
2024-10-16 19:51:10;158;30584819;The 5th Dimension;Up, up and away;https://hooksswr-a.akamaihd.net/99006/M0042497.009.m.mp3;https://onair.swr.de/covers/swr/swrhfdb1.KONF.7099895?stationid=28469
2024-10-16 19:53:51;215;30584835;The Flowerpot Men;Let's go to San Francisco;https://hooksswr-a.akamaihd.net/99006/M0023704.001.m.mp3;https://onair.swr.de/covers/swr/swrhfdb1.KONF.6280903?stationid=28469
2024-10-16 20:00:00;123;30584843;Dean Martin;The birds and the bees;https://hooksswr-a.akamaihd.net/99006/M0008798.004.m.mp3;https://onair.swr.de/covers/swr/swrhfdb1.KONF.5001953?stationid=28469
2024-10-16 19:57:23;231;30584852;Herbert Grönemeyer;Flugzeuge im Bauch;https://hooksswr-a.akamaihd.net/99006/M0006151.003.m.mp3;https://onair.swr.de/covers/swr/swrhfdb1.KONF.4598771?stationid=28469
2024-10-16 20:29:33;121;30584869;The Everly Brothers;Wake up little Susie;https://hooksswr-a.akamaihd.net/99006/M0363991.009.m.mp3;https://onair.swr.de/covers/swr/swrhfdb1.KONF.43633467?stationid=28469
2024-10-16 20:14:08;218;30584898;The Rubettes;Tonight;https://hooksswr-a.akamaihd.net/99006/M0041086.002.m.mp3;https://onair.swr.de/covers/swr/swrhfdb1.KONF.6588259?stationid=28469
2024-10-16 20:22:06;191;30584918;Daliah Lavi;Liebeslied jener Sommernacht;https://hooksswr-a.akamaihd.net/99006/1984885.m.mp3;https://onair.swr.de/covers/swr/swrhfdb1.KONF.4521014?stationid=28469
2024-10-16 20:26:04;200;30584934;The Fortunes;You've got your troubles;https://hooksswr-a.akamaihd.net/99006/2043641.m.mp3;https://onair.swr.de/covers/swr/swrhfdb1.KONF.4588456?stationid=28469
2024-10-16 20:31:15;171;30584941;Gitte & Rex Gildo;Vom Stadtpark die Laternen;https://hooksswr-a.akamaihd.net/99006/M0292467.001.m.mp3;https://onair.swr.de/covers/swr/swrhfdb1.KONF.27377040?stationid=28469
2024-10-16 20:34:08;239;30584954;The Bee Gees;How deep is your love;https://hooksswr-a.akamaihd.net/99006/M0022471.023.m.mp3;https://onair.swr.de/covers/swr/swrhfdb1.KONF.5186931?stationid=28469
2024-10-16 20:38:08;166;30584968;Michael Schanze;Hell wie ein Diamant;https://hooksswr-a.akamaihd.net/99006/M0065649.003.m.mp3;https://onair.swr.de/covers/swr/swrhfdb1.KONF.7825107?stationid=28469
2024-10-16 20:41:32;167;30584981;Bert Kaempfert und sein Orchester;Zambezi;https://hooksswr-a.akamaihd.net/99006/M0072595.017.m.mp3;no cover
2024-10-16 20:44:19;151;30584993;Hot Butter;Popcorn;https://hooksswr-a.akamaihd.net/99006/M0024459.003.m.mp3;https://onair.swr.de/covers/swr/swrhfdb1.KONF.5370515?stationid=28469
2024-10-16 20:46:56;181;30585001;Brotherhood of Man;Save your kisses for me;https://hooksswr-a.akamaihd.net/99006/M0024572.021.m.mp3;https://onair.swr.de/covers/swr/swrhfdb1.KONF.5392172?stationid=28469
2024-10-16 20:50:41;180;30585016;Cliff Richard;Power to all our friends;https://hooksswr-a.akamaihd.net/99006/M0108056.001.m.mp3;https://onair.swr.de/covers/swr/swrhfdb1.KONF.9453970?stationid=28469
2024-10-16 20:53:42;222;30585029;Boys Town Gang;Can't take my eyes off you;https://hooksswr-a.akamaihd.net/99006/M0096415.023.m.mp3;https://onair.swr.de/covers/swr/swrhfdb1.KONF.9343863?stationid=28469
2024-10-16 20:57:22;134;30585031;André Brasseur;Early bird;https://hooksswr-a.akamaihd.net/99006/M0039598.012.m.mp3;https://onair.swr.de/covers/swr/swrhfdb1.KONF.6515837?stationid=28469
2024-10-16 20:57:03;292;30585042;Exile;Kiss you all over;https://hooksswr-a.akamaihd.net/99006/1985341.m.mp3;https://onair.swr.de/covers/swr/swrhfdb1.KONF.6541710?stationid=28469
2024-10-16 21:30:51;272;30585057;Pussycat;Mississippi;https://hooksswr-a.akamaihd.net/99006/M0247173.007.m.mp3;https://onair.swr.de/covers/swr/swrhfdb1.KONF.14885400?stationid=28469
2024-10-16 21:09:18;135;30585074;Drafi Deutscher;Shake hands;https://hooksswr-a.akamaihd.net/99006/1986308.m.mp3;https://onair.swr.de/covers/swr/swrhfdb1.KONF.9911480?stationid=28469
2024-10-16 21:13:55;221;30585086;Nana Mouskouri;Die Welt ist voll Licht;no hook;no cover
2024-10-16 21:20:13;223;30585112;Nana Mouskouri;How do you keep the music playing;no hook;no cover
2024-10-16 21:23:57;174;30585129;Nico Haak;Schmidtchen Schleicher;https://hooksswr-a.akamaihd.net/99006/1995175.m.mp3;https://onair.swr.de/covers/swr/swrhfdb1.KONF.7259998?stationid=28469
2024-10-16 21:32:06;201;30585145;Jeanette;Porqué te vas;https://hooksswr-a.akamaihd.net/99006/M0275347.012.m.mp3;https://onair.swr.de/covers/swr/swrhfdb1.KONF.22411544?stationid=28469
2024-10-16 21:35:28;168;30585156;Mary Roos;Ich hab' den Glauben an dich nie verloren;https://hooksswr-a.akamaihd.net/99006/M0062281.010.m.mp3;https://onair.swr.de/covers/swr/swrhfdb1.KONF.7945901?stationid=28469
2024-10-16 21:38:17;185;30585165;Creedence Clearwater Revival;Proud Mary;https://hooksswr-a.akamaihd.net/99006/2026732.m.mp3;https://onair.swr.de/covers/swr/swrhfdb1.KONF.18256462?stationid=28469
2024-10-16 21:41:59;176;30585181;John Denver;Annie's song;no hook;https://onair.swr.de/covers/swr/swrhfdb1.KONF.51924172?stationid=28469
2024-10-16 21:44:56;236;30585189;Smokie;Mexican girl;https://hooksswr-a.akamaihd.net/99006/M0008051.004.m.mp3;https://onair.swr.de/covers/swr/swrhfdb1.KONF.4648904?stationid=28469
2024-10-16 21:48:54;225;30585207;Harald Juhnke;Barfuß oder Lackschuh;https://hooksswr-a.akamaihd.net/99006/2047379.m.mp3;https://onair.swr.de/covers/swr/swrhfdb1.KONF.45028561?stationid=28469
2024-10-16 21:52:39;185;30585217;ABBA;Hasta mañana;https://hooksswr-a.akamaihd.net/99006/M0001411.004.m.mp3;https://onair.swr.de/covers/swr/swrhfdb1.KONF.3812514?stationid=28469
2024-10-16 21:55:45;178;30585221;Marianne Rosenberg;Er gehört zu mir;https://hooksswr-a.akamaihd.net/99006/M0337939.044.m.mp3;https://onair.swr.de/covers/swr/swrhfdb1.KONF.40970820?stationid=28469
2024-10-16 22:26:14;192;30585239;Pe Werner;Weibsbilder;no hook;no cover
2024-10-16 22:10:54;214;30585260;Hoffmann & Hoffmann;Alles, was ich brauche, bist du;https://hooksswr-a.akamaihd.net/99006/M0007569.015.m.mp3;https://onair.swr.de/covers/swr/swrhfdb1.KONF.4559852?stationid=28469
2024-10-16 22:14:29;169;30585268;Carpenters;Please Mr. Postman;https://hooksswr-a.akamaihd.net/99006/M0075401.006.m.mp3;https://onair.swr.de/covers/swr/swrhfdb1.KONF.8296114?stationid=28469
2024-10-16 22:18:04;155;30585286;The Beatles;Please Mr. Postman;no hook;no cover
2024-10-16 22:20:40;148;30585294;Jürgen Marcus;Ein Festival der Liebe;https://hooksswr-a.akamaihd.net/99006/M0008855.002.m.mp3;https://onair.swr.de/covers/swr/swrhfdb1.KONF.5017968?stationid=28469
2024-10-16 22:23:25;168;30585303;Tom Jones;Help yourself;https://hooksswr-a.akamaihd.net/99006/M0381609.013.m.mp3;https://onair.swr.de/covers/swr/swrhfdb1.KONF.44207139?stationid=28469
2024-10-16 22:26:14;146;30585309;Creedence Clearwater Revival;Who'll stop the rain?;https://hooksswr-a.akamaihd.net/99006/M0025088.009.m.mp3;https://onair.swr.de/covers/swr/swrhfdb1.KONF.5508341?stationid=28469
2024-10-16 22:28:34;111;30585311;The Chiffons;He's so fine;https://hooksswr-a.akamaihd.net/99006/2027248.m.mp3;https://onair.swr.de/covers/swr/swrhfdb1.KONF.46482608?stationid=28469
2024-10-16 22:58:22;383;30585325;Eagles;Hotel California;https://hooksswr-a.akamaihd.net/99006/M0017553.017.m.mp3;https://onair.swr.de/covers/swr/swrhfdb1.KONF.5794286?stationid=28469
2024-10-16 22:58:21;154;30585344;Ray Conniff & His Orchestra;Smoke gets in your eyes;https://hooksswr-a.akamaihd.net/99006/M0583219.301.m.mp3;https://onair.swr.de/covers/swr/swrhfdb1.KONF.46960060?stationid=28469
2024-10-16 23:00:01;219;30585402;Bernd Clüver und Marion Maerz;Schau mal herein;https://hooksswr-a.akamaihd.net/99006/M0059240.001.m.mp3;https://onair.swr.de/covers/swr/swrhfdb1.KONF.7434227?stationid=28469
2024-10-16 23:04:06;182;30585420;Kylie Minogue;The loco-motion;no hook;https://onair.swr.de/covers/swr/fallback?stationid=28469
2024-10-16 23:07:05;184;30585430;Udo Lindenberg;Mittendrin;no hook;https://onair.swr.de/covers/swr/fallback?stationid=28469
2024-10-16 23:10:44;129;30585441;The Searchers;Needles and pins;no hook;https://onair.swr.de/covers/swr/fallback?stationid=28469
2024-10-16 23:13:04;248;30585451;Garland Jeffreys;Matador;no hook;https://onair.swr.de/covers/swr/fallback?stationid=28469
2024-10-16 23:17:10;218;30585463;America;A horse with no name;no hook;https://onair.swr.de/covers/swr/fallback?stationid=28469
2024-10-16 23:21:13;223;30585476;The Rembrandts;Just the way it is, baby;no hook;https://onair.swr.de/covers/swr/fallback?stationid=28469
2024-10-16 23:25:01;180;30585487;Gloria Gaynor;I will survive;no hook;https://onair.swr.de/covers/swr/fallback?stationid=28469
2024-10-16 23:28:00;241;30585496;Kenny Rogers & Dolly Parton;Islands in the stream;no hook;https://onair.swr.de/covers/swr/fallback?stationid=28469
2024-10-16 23:33:16;213;30585513;Marillion;Kayleigh;no hook;https://onair.swr.de/covers/swr/fallback?stationid=28469
2024-10-16 23:36:47;189;30585524;Creedence Clearwater Revival;Lodi;no hook;https://onair.swr.de/covers/swr/fallback?stationid=28469
2024-10-16 23:40:19;220;30585536;Heinz Rudolf Kunze;Aller Herren Länder;no hook;https://onair.swr.de/covers/swr/fallback?stationid=28469
2024-10-16 23:43:45;235;30585544;Toni Childs;Stop your fussin';no hook;https://onair.swr.de/covers/swr/fallback?stationid=28469
2024-10-16 23:47:34;176;30585560;The Sweet;Co-Co;no hook;https://onair.swr.de/covers/swr/fallback?stationid=28469
2024-10-16 23:50:25;208;30585567;Chris DeBurgh;Live life, live well;no hook;https://onair.swr.de/covers/swr/fallback?stationid=28469
2024-10-16 23:53:48;225;30585578;Pointer Sisters;Slow hand;no hook;https://onair.swr.de/covers/swr/fallback?stationid=28469
2024-10-16 23:57:18;233;30585589;The Eagles;Hotel California;no hook;https://onair.swr.de/covers/swr/fallback?stationid=28469
